05:00 2.13 0.19 4.11 8.68 0.39
05:15 2.09 0.52 4.11 9.26 0.36
05:30 2.15 0.24 4.24 8.55 0.43
05:45 2.52 1.80 4.04 9.09 0.33
06:00 3.25 0.69 4.22 9.34 0.46
06:15 3.26 0.24 4.27 8.22 0.34
06:30 3.22 0.54 4.29 9.57 0.44
06:45 2.27 5.34 4.93 8.45 0.36
07:00 2.24 5.81 3.72 10.29 0.38
07:15 2.20 5.22 3.64 11.26 0.39
07:30 2.08 2.12 3.35 9.25 5.66
07:45 2.13 0.86 2.89 10.21 6.37
08:00 2.12 0.39 2.55 10.41 4.17
08:15 2.08 0.29 3.00 8.31 0.85
08:30 2.10 2.57 2.76 9.09 1.67
08:45 3.81 0.37 2.53 9.58 1.30
09:00 2.04 0.21 2.40 7.88 2.70
05:00 0.87 2.75 0.63 8.73 0.48 9.62 2.55
05:15 0.91 5.35 1.62 0.19 0.40 7.98 1.72
05:30 1.56 13.39 0.19 5.72 0.70 8.72 2.25
05:45 0.97 13.38 0.05 3.28 0.42 8.82 2.38
06:00 0.76 13.23 1.51 1.26 3.01 7.47 1.73
06:15 1.10 13.48 0.05 7.99 4.92 11.60 2.42
06:30 0.79 2.94 0.66 0.22 3.58 11.78 2.24
06:45 0.60 2.78 0.52 8.97 6.58 8.83 1.74
07:00 0.60 2.89 1.80 0.11 7.96 9.21 2.18
07:15 0.87 2.75 0.07 7.93 6.80 7.65 1.98
07:30 0.47 2.60 0.16 1.07 7.42 7.78 2.19
07:45 0.72 2.71 0.12 1.35 8.99 6.27 2.63
08:00 1.00 3.04 1.39 6.51 8.98 10.92 1.59
08:15 0.47 1.65 0.46 0.18 7.99 5.60 1.81
08:30 0.44 2.16 0.53 2.24 8.01 7.74 2.13
08:45 0.95 0.88 0.56 0.11 7.75 11.72 1.63
09:00 0.79 1.58 1.36 0.95 8.19 12.23 1.68